887899398186
889349130445
889349057841
887899773891
641676235626
886227852291
672213185876
850525006397
887111337160
888863408634
887276124025
889894330611
700443660754
887899953132
828063514926
889233676639
884116204398
884116205708
888863406821
190151606555
828063718126
889661066293
888863343775
825633377417
889800996245
887899686832
889349070185
888863341665
889800850318
190151606531
888793745380
888793816554
662724905346
887276039022
884116183464
606121578673
889955300331
884116216353
696859968891
887758446096
884116164890
884116168423
889894442215
825633306288
887276095554
889894141910
889899102572
888182906668
889233676622
880010010929
888863528134
889296261674
889894582270
888863220373
889349162859
888793178164
889894330628
888793435281
889349057858
889349317082
889349241097
222658165300
887899756016
741271365077
887899297427
888793640586
825633377721
886227759651
887899706240
888863376735
889894347619
889894347626
889349317013
889800118029
719192599215
884116211945
889233046753
889349188705
889894141958
888863037490
889233645338
886227852130
886227595365
889349243640
889899102695
725184047374
889349006788
788679078840
888793711927
886227924875
889349194133
886227941315
889894331441
889349264508
888793756119
889800882951
828063340129
889349162880
887899443213
700443661454
886227843930
887899789755
766653301733
886227770823
887758753736
889296356424
794192515465
889349032763
884116176527
889894515087
889349188682
888793711934
889296422068
889894582294
886227736133
888863336494
794278994023
702706436915
887899981555
889661068211
616043290508
886227941599
889233743294
886227861781
889349335246
888793811160
782335003276
889894141767
889296655084
889349125519
887758934647
887276124032
888793695890
680474200962
886227718504
821270506746
825633306332
638267987750
886227986804
726419846649
889349077832
889955102065
887899773884
887899616853
700443660778
886227905409
886227605965
888793380543
889349188699
889233759509
886227904297
715407511614
809395438043
190151652538
888793716892
190151712850
889296670315
887899844409
889296197799
887111392329
888863594849
888863043934
887899841040
888863528141
887899658297
889894365675
889955477958
884116176541
889894502353
889661034032
887993000350
884116193739
884116168331
812437020793
801039288625
717109873786
889955719119
748006405282
888793633540
825633377431
884116168027
888863591480
813567020219
887899648571
889894470966
886227981021
659337689992
888793321867
887899651465
889349200599
889894183552
190151652521
190151668898
888793692233
889661016069
889296422075
887899161087
702706436724
819730017253
889894356109
788679077607
888793178171
886227895540
887899815492
889296046042
889894439949
889894510679
884116205906
888863515141
888793765715
886227784943
888772019181
889233658468
889894103161
886227876600
889894368485
888863470310
889894141941
886227881154
884116140153
819730017758
889296957737
750253291747