22265997727
889661015048
884116205579
889349361016
888772456290
888462101110
889899041536
824142121801
889349251362
889349191149
824142126127
889349200438
889894560643
884116203162
98377327493
884116169161
884116212232
889800850318
889894330611
889894330871
889296019626
888863051021
190576355533
889800850318
887899794414
889349194133
888462109765
888462341677
889349161753
888863413942
889349251362
884116204084
889349162767
889349200568
824142121290
884116204282
888462101110
888863258567
98378222391
889894705228
190151427211
889842019438
889955256676
884116204107
725184119309
889894330871
888863258567
888462109765
888462866446
885909918164
889349186787
884116167495
889233133415
889349338568
190576355533
889661015475
884116212232
889296184485
889842015294
884116169208
190151777354
889349172957
889955802309
884116229544
884116229520
889349200568
889349162767
888863043903
885909918188
888462101127
885909918195
884116204107
884116204473
884116204084
884116204275
884116205531
889349172940
889349297933
190151975736
190404123280
190151599772
190151670259
190151588561
190404164719
884116204497
889894705181
884116169208
884116203964
884116169246
884116203841
884116203223
889349174487
886227870325
884116204107
884116204473
884116204084
824142121795
824142124741
813567020325
889955256676
889955818065
811254029262
811254029385
884116169208
884116203964
884116204107
884116204473
884116204084
811254029262
811254029385
884116204275
884116205531
190576356530
889349172940
889349297933
884116216957
884116216940
889955802309
190151426979
889842014389
889842019308
814855020423
884116204343
888462687652
888462687713
190151975736
889842015515
884116204497
888462101127
885909918195
885909918188
190151975736
190151253100
190404123280
190151852204
190151599772
190151599772
190151670259
190151588561
190404164719
884116212218
889842015515
884116204497
889894705181
884116229544
884116229520
884116204275
884116205531
889955802309
190151426979
889842014389
889842019308
884116204343
888462101127
885909918195
885909918188
